#      L[Lsun]      Flux[Jy]       M[Mjup]       R[Rjup]       Teff[K]
    1.2023E-03    7.3830E-06    2.0958E+01    2.0036E+00    2.3970E+03
    1.4454E-03    8.9424E-06    3.1437E+01    1.9458E+00    2.5470E+03
    2.2387E-03    8.7213E-06    4.1916E+01    2.1517E+00    2.7020E+03
    3.1623E-03    1.2668E-05    5.2395E+01    2.3730E+00    2.8050E+03
    3.6308E-03    1.3596E-05    5.7635E+01    2.4769E+00    2.8420E+03
    4.0738E-03    1.2049E-05    6.2874E+01    2.5638E+00    2.8750E+03
    5.1286E-03    1.2335E-05    7.3353E+01    2.7230E+00    2.9550E+03
    5.3703E-03    1.3244E-05    7.5449E+01    2.7527E+00    2.9730E+03
    5.7544E-03    1.3372E-05    7.8593E+01    2.8003E+00    2.9990E+03
    6.3096E-03    1.6305E-05    8.3832E+01    2.8916E+00    3.0200E+03
    7.4131E-03    1.7786E-05    9.4311E+01    3.0569E+00    3.0580E+03
    8.7096E-03    1.8876E-05    1.0479E+02    3.2410E+00    3.0920E+03
    1.0000E-02    1.6441E-05    1.1527E+02    3.4107E+00    3.1200E+03
    1.2589E-02    1.8306E-05    1.3623E+02    3.7142E+00    3.1670E+03
    1.5488E-02    2.0793E-05    1.5719E+02    4.0251E+00    3.2040E+03
    1.9055E-02    1.9281E-05    1.8338E+02    4.3712E+00    3.2380E+03
    2.3442E-02    2.3933E-05    2.0958E+02    4.7453E+00    3.2730E+03
    3.1623E-02    2.8516E-05    2.6198E+02    5.3308E+00    3.3280E+03
    4.0738E-02    2.7657E-05    3.1437E+02    5.8936E+00    3.3720E+03
    5.0119E-02    3.4044E-05    3.6677E+02    6.3772E+00    3.4140E+03
    6.0256E-02    3.5368E-05    4.1916E+02    6.8117E+00    3.4590E+03
    7.2444E-02    4.4792E-05    4.7156E+02    7.2658E+00    3.5070E+03
    8.3176E-02    3.6259E-05    5.2395E+02    7.5852E+00    3.5530E+03
    1.0233E-01    4.6126E-05    5.9730E+02    8.1137E+00    3.6180E+03
    1.1220E-01    5.0512E-05    6.2874E+02    8.3615E+00    3.6470E+03
    1.1749E-01    4.9808E-05    6.4970E+02    8.4678E+00    3.6660E+03
    1.4791E-01    5.3829E-05    7.3353E+02    9.1093E+00    3.7440E+03
    1.6982E-01    5.6282E-05    7.8593E+02    9.5203E+00    3.7910E+03
    1.9498E-01    6.3015E-05    8.3832E+02    9.9063E+00    3.8470E+03
    2.2387E-01    7.0736E-05    8.9072E+02    1.0302E+01    3.9050E+03
    2.6303E-01    6.4461E-05    9.4311E+02    1.0664E+01    3.9960E+03
    3.0903E-01    7.9187E-05    9.9551E+02    1.1028E+01    4.0910E+03
    3.7154E-01    8.7218E-05    1.0479E+03    1.1472E+01    4.2000E+03
    4.6774E-01    8.8350E-05    1.1003E+03    1.2100E+01    4.3320E+03
    5.8884E-01    9.1379E-05    1.1527E+03    1.2683E+01    4.4820E+03
    7.7625E-01    9.8545E-05    1.2051E+03    1.3471E+01    4.6600E+03
    1.0965E+00    1.2724E-04    1.2575E+03    1.4569E+01    4.8850E+03
    2.4547E+00    1.6488E-04    1.3623E+03    1.7832E+01    5.4010E+03
    4.6774E+00    2.1743E-04    1.4671E+03    1.7847E+01    6.3430E+03
